50 1 1
var 25 25
sum 10 1 1 1 1 1 1 1 1 1 1
sum 10 1 1 1 1 1 1 1 1 1 2
sum 10 1 1 1 1 1 1 1 1 2 3
sum 10 1 1 1 1 1 1 1 2 3 4
sum 10 1 1 1 1 1 1 2 3 4 5
sum 10 1 1 1 1 1 2 3 4 5 6
sum 10 1 1 1 1 2 3 4 5 6 7
sum 10 1 1 1 2 3 4 5 6 7 8
sum 10 1 1 2 3 4 5 6 7 8 9
sum 10 1 2 3 4 5 6 7 8 9 10
sum 10 2 3 4 5 6 7 8 9 10 11
sum 10 3 4 5 6 7 8 9 10 11 12
sum 10 4 5 6 7 8 9 10 11 12 13
sum 10 5 6 7 8 9 10 11 12 13 14
sum 10 6 7 8 9 10 11 12 13 14 15
sum 10 7 8 9 10 11 12 13 14 15 16
sum 10 8 9 10 11 12 13 14 15 16 17
sum 10 9 10 11 12 13 14 15 16 17 18
sum 10 10 11 12 13 14 15 16 17 18 19
sum 10 11 12 13 14 15 16 17 18 19 20
sum 10 12 13 14 15 16 17 18 19 20 21
sum 10 13 14 15 16 17 18 19 20 21 22
sum 10 14 15 16 17 18 19 20 21 22 23
sum 10 15 16 17 18 19 20 21 22 23 24
sum 10 16 17 18 19 20 21 22 23 24 25
sum 10 17 18 19 20 21 22 23 24 25 26
sum 10 18 19 20 21 22 23 24 25 26 27
sum 10 19 20 21 22 23 24 25 26 27 28
sum 10 20 21 22 23 24 25 26 27 28 29
sum 10 21 22 23 24 25 26 27 28 29 30
sum 10 22 23 24 25 26 27 28 29 30 31
sum 10 23 24 25 26 27 28 29 30 31 32
sum 10 24 25 26 27 28 29 30 31 32 33
sum 10 25 26 27 28 29 30 31 32 33 34
sum 10 26 27 28 29 30 31 32 33 34 35
sum 10 27 28 29 30 31 32 33 34 35 36
sum 10 28 29 30 31 32 33 34 35 36 37
sum 10 29 30 31 32 33 34 35 36 37 38
sum 10 30 31 32 33 34 35 36 37 38 39
sum 10 31 32 33 34 35 36 37 38 39 40
sum 10 32 33 34 35 36 37 38 39 40 41
sum 10 33 34 35 36 37 38 39 40 41 42
sum 10 34 35 36 37 38 39 40 41 42 43
sum 10 35 36 37 38 39 40 41 42 43 44
sum 10 36 37 38 39 40 41 42 43 44 45
sum 10 37 38 39 40 41 42 43 44 45 46
sum 10 38 39 40 41 42 43 44 45 46 47
sum 10 39 40 41 42 43 44 45 46 47 48
sum 10 40 41 42 43 44 45 46 47 48 49

-8 5 -6 -7 8 -7 7 -6 -4 3 4 -8 -4 8 7 -8 8 -6 9 7 1 -3 3 -6 -7
3 9 5 5 5 3 0 8 6 5 -8 0 -6 -3 -6 -5 0 -6 -2 -6 -3 0 1 7 -7
-6 -7 -5 1 -1 -9 0 4 -3 -6 -2 7 -9 7 -5 -5 8 -9 2 -5 -6 -6 0 -5 2
-1 1 7 2 3 9 -4 -6 3 -6 -7 9 -2 1 -1 3 -9 -8 -3 -5 3 9 7 9 9
1 -5 -5 4 9 6 -1 -6 -3 -9 9 2 -5 3 3 -6 -9 -9 -3 2 1 1 -4 -9 -6
7 8 -1 5 9 8 1 4 9 5 9 -1 -8 7 4 6 0 -9 -1 -2 -4 4 -3 -1 5
5 0 1 4 2 7 -4 1 0 -6 5 -7 -6 -9 -6 -1 3 -2 7 -5 -9 1 -6 -2 0
5 9 7 -6 -4 3 2 -2 -2 9 -4 0 -4 9 0 -6 8 -6 4 8 -3 -7 4 2 8
6 -9 4 -8 8 -1 6 3 -7 1 6 -9 -6 -3 1 4 -1 -6 -5 9 -2 -8 3 3 -5
8 -6 2 1 7 0 6 -2 -8 -1 1 -9 5 0 2 -2 8 -4 -2 2 3 -5 -3 0 4
-2 -5 -4 7 -8 8 2 3 -9 -7 3 -7 -2 8 -8 1 5 -8 2 -2 2 3 7 -4 -8
1 4 -2 7 -9 -6 0 5 4 6 1 4 -6 5 -9 -8 5 0 3 -6 -2 -7 1 -3 -8
1 -4 -6 -9 4 7 2 -8 7 6 6 -8 -9 -2 -2 8 -8 5 6 -6 -9 2 -2 3 3
-2 -8 4 -7 -6 -3 0 -9 9 -5 -9 7 -4 -8 -5 3 -4 4 3 -8 -6 9 -7 0 1
-2 -3 7 8 6 -3 6 2 -1 -5 7 -2 -1 7 -1 1 8 -3 -7 4 1 -7 7 -2 -1
0 5 -5 -6 2 -2 -5 3 -3 8 3 5 -6 0 -1 -6 -9 3 -6 -1 3 -7 6 0 -3
-2 5 6 4 -2 6 -7 -7 1 -2 3 -6 -8 -8 -9 6 -5 -1 1 -1 -2 -9 1 -9 2
9 4 6 7 5 -8 4 9 9 0 4 -2 -1 -7 4 -9 -3 -1 -9 8 -6 9 -6 5 -5
9 7 -1 -6 -6 -6 3 -1 -5 7 -2 -9 -4 1 2 1 -6 -6 5 7 0 -5 -8 6 -1
-1 -6 8 2 -7 -6 4 3 5 2 -6 0 4 6 0 -6 -6 -2 -6 1 -7 5 9 -7 5
-5 -1 -1 4 1 7 6 -7 -2 -6 -9 -6 4 8 9 5 -1 8 5 -5 6 -5 7 -2 2
-4 -9 -6 2 -6 2 -8 8 6 2 4 4 4 8 -4 -4 -2 9 -7 5 -3 1 1 9 9
8 -7 5 -6 -6 -2 6 1 1 -3 5 9 2 8 6 -3 -7 -4 4 -3 -1 9 0 7 7
-1 -2 -8 2 -9 0 9 -2 -5 3 7 2 -1 3 -4 6 -3 5 9 2 6 -3 9 3 5
-7 7 5 -7 5 -7 -7 -9 -9 -3 -4 7 -5 9 -6 0 3 8 5 0 -5 -4 4 -1 0

-2 -1 2 9 -1 2 -4 1 2 5 -4 -1 5 -8 -1 9 -9 9 7 -2 -6 3 -7 -7 1
-5 1 9 3 6 -7 -8 8 6 -1 -1 -3 2 6 1 7 -9 -4 1 -2 2 -6 0 1 9
2 -8 1 -6 4 6 6 8 -9 6 2 -8 5 5 2 -6 7 9 9 8 5 -1 -7 3 -8
2 6 -6 -6 6 3 -6 -3 1 -5 -9 -2 8 -3 -7 -2 -1 -6 -4 8 -9 -4 -4 6 0
6 9 -1 7 5 -4 5 -4 2 1 -4 4 -6 -4 9 -5 -5 -7 8 0 -6 -9 2 -3 -4
-9 -4 6 -7 2 -5 8 -9 4 8 -9 7 2 0 2 -1 3 -6 -4 -1 0 -1 3 -8 -8
-8 -3 -5 -4 6 -6 -2 6 -6 -3 -5 1 8 -5 -3 -4 -1 1 -2 1 1 2 -4 4 6
7 -5 5 -9 9 7 -9 8 0 8 5 1 0 -8 -5 5 2 0 -4 3 1 -9 4 -9 8
2 0 1 -7 7 3 -4 -7 3 6 4 -2 7 4 1 -6 1 8 -7 -8 -6 1 -2 9 8
8 1 -3 5 7 0 -6 -3 -5 4 -7 3 6 -5 -1 9 4 0 4 -8 9 4 -8 5 2
3 -3 -7 6 3 5 8 -7 3 4 -6 -1 0 -2 6 -6 -1 0 9 6 5 6 1 7 -8
-1 6 -9 -6 7 -6 -7 0 0 -5 2 -2 -3 -8 -6 -5 7 6 3 2 -1 -4 -6 -6 6
-2 -7 3 8 -8 -9 3 0 -5 -8 -1 6 -5 0 -7 2 -1 -8 6 -7 8 6 3 0 -8
-8 -1 -5 -4 -6 9 9 0 -1 -2 3 -1 5 -4 4 5 -9 -8 8 -4 -1 0 1 -7 -6
5 -3 4 -1 5 -7 -8 8 8 9 -4 -7 -9 -4 -4 -6 -1 1 0 -7 -8 8 -5 -2 3
1 2 -6 6 3 2 -3 -5 1 -4 1 1 7 -8 -2 -4 -1 0 -3 -9 -6 7 -9 -4 -2
-7 -8 8 -5 6 7 -9 2 8 2 -5 -6 -6 -7 9 -5 1 8 -6 -4 -7 3 -5 7 -6
1 8 -8 6 -3 -8 3 -6 -1 -7 7 -8 6 3 -7 -7 -2 4 1 8 2 -9 0 4 3
7 -8 3 -3 6 -8 1 1 9 -9 -2 9 -2 -2 -6 -2 -7 3 3 9 0 6 -9 2 -2
-1 1 -3 2 -7 5 6 -9 -6 -4 9 2 -4 5 -1 -3 -7 7 -4 0 4 2 -2 2 -1
-1 4 -4 8 6 9 5 -7 -7 8 0 5 -7 8 -3 -7 8 -9 -5 -3 9 -8 -1 -6 2
-2 0 2 -8 5 -6 9 1 -2 7 1 -1 -8 -2 4 -1 -3 -1 -1 -6 -1 -7 -7 -3 -6
-9 -2 0 -2 9 2 7 5 -2 -3 8 0 -8 9 -3 6 3 -3 -4 7 1 0 6 -2 6
-7 -4 -8 -6 -1 -7 8 8 -5 -4 0 -2 -4 6 4 -7 1 1 4 -9 -2 4 -9 -4 -2
2 -9 -1 7 -7 -6 -2 0 1 -2 7 2 -9 -9 5 -4 1 3 -4 -4 6 8 -7 1 6